celltype	JOHR1_D135	JOHR_D262	SONR1_D135	SONR_D262	NHDF2_D130	NHDF2_D320
AC	0.0469376838726932	0.0298293188706333	0.0569869657471961	0.0190371991247265	0.0950004707654646	0.0077979948013368
BC	0.0231345279486494	0.0398787685436274	0.0165201576235223	0.0818380743982495	0.0207136804444026	0.165738333952222
Cone	0.245653918159936	0.218854681767427	0.254925735071234	0.171553610503282	0.239902080783354	0.158435449931922
HC	0.0312917892484622	0.0242462912745254	0.0260685056077599	0.00962800875273523	0.0200546087938989	0.00445599702933531
MG	0.168494249799412	0.270218535651619	0.164443770839648	0.399562363238512	0.205818661143019	0.398687956430251
NRPC	0.0439957207809575	0.0610942734088371	0.076689906032131	0.0509846827133479	0.0946238583937482	0.0269835375665305
PRPC	0.18200053490238	0.105279948955176	0.193998181267051	0.0477024070021882	0.236041803973261	0.0659735115732145
RGC	0.0402514041187483	0.0234487159036529	0.0377387086996059	0.00940919037199125	0.0300348366443838	0.00371333085777943
Rod	0.218240171168762	0.227149465624502	0.172628069111852	0.210284463894967	0.0578099990584691	0.168213887857408
